MeshAnim
1
40
47
24
1 0 0 0
0 0.976922 0.2135964 0
0 -0.2135964 0.976922 0
0 0.9320261 -0.05094362 1

1 0 0 0
0 0.9944016 0.1056669 0
0 -0.1056669 0.9944016 0
0 1.092424 -0.0158738 1

0.9909539 0.007751457 0.1339754 0
-0.004125737 -0.9960986 0.08814781 0
0.134136 -0.08790321 -0.9870561 0
-0.1054737 0.9401466 -0.01144394 1

0.9909539 -0.007751526 -0.1339752 0
0.004125622 -0.9960988 0.08814756 0
-0.1341358 -0.08790291 -0.9870563 0
0.1054737 0.9401466 -0.01144394 1

1 0 0 0
0 0.9993963 -0.03474515 0
0 0.03474515 0.9993963 0
0 1.238333 -0.0003692532 1

0.9878556 -0.01682025 0.15446 0
0.04143685 -0.9295966 -0.3662416 0
0.1497457 0.3681941 -0.91761 0
-0.1071508 0.5352404 0.02438748 1

0.9878555 0.01682018 -0.1544598 0
-0.0414369 -0.9295966 -0.3662419 0
-0.1497455 0.3681944 -0.91761 0
0.1071508 0.5352404 0.02438735 1

1 -6.709261E-08 2.287838E-07 0
-7.105427E-15 0.9595885 0.2814068 0
-2.384186E-07 -0.2814068 0.9595886 0
0 1.530335 -0.01052103 1

-0.8339794 0.2970394 0.4650227 0
-0.3835887 -0.9178967 -0.1016157 0
0.3966588 -0.2631228 0.8794479 0
-0.1817945 1.430266 -0.01397838 1

-0.8339791 -0.2970393 -0.4650227 0
0.3835888 -0.9178966 -0.1016159 0
-0.3966588 -0.263123 0.8794478 0
0.1817945 1.430266 -0.01397838 1

-0.9929982 0.09458549 -0.07081517 0
-0.08037572 -0.101424 0.9915923 0
0.08660786 0.9903414 0.1083165 0
-0.08485311 0.03501223 -0.1726919 1

-0.9929981 -0.09458578 0.07081442 0
0.08037505 -0.1014242 0.9915923 0
-0.08660818 0.9903415 0.1083167 0
0.08485305 0.03501235 -0.1726922 1

1 -2.4869E-14 2.384186E-07 0
0 1 8.940701E-08 0
-2.384186E-07 -1.192093E-07 1 0
7.116852E-15 1.643943 0.02279528 1

-0.8676847 0.1361758 0.4780999 0
0.07906712 -0.9117017 0.4031732 0
0.4907869 0.3876292 0.7803024 0
-0.2836637 1.186501 -0.04096445 1

-0.8676844 -0.1361756 -0.4781 0
-0.07906721 -0.9117019 0.4031731 0
-0.490787 0.3876292 0.7803024 0
0.2836637 1.186501 -0.04096451 1

-0.9948777 -9.79653E-06 -0.1011171 0
-0.1011169 7.866263E-05 0.9948754 0
-1.644716E-06 1.000005 -7.829071E-05 0
-0.1003735 0.01542735 0.01878324 1

-0.9948776 9.511546E-06 0.1011164 0
0.1011162 7.840931E-05 0.9948756 0
1.380686E-06 1.000005 -7.808209E-05 0
0.1003734 0.01542735 0.01878297 1

0.2721809 0.2144894 0.938036 0
-0.1216898 -0.9593409 0.2546704 0
0.9545202 -0.1834658 -0.2350132 0
-0.2649626 0.9708645 0.05439455 1

0.272181 -0.2144893 -0.9380364 0
0.1216898 -0.959341 0.2546704 0
-0.9545202 -0.1834658 -0.2350131 0
0.2649626 0.9708645 0.05439445 1

0.5436139 0.2649506 0.7964201 0
-0.05091407 -0.9367134 0.3463755 0
0.8377897 -0.2288435 -0.4957208 0
-0.2645816 0.8577611 0.117584 1

0.6523975 0.4174256 -0.6325611 0
0.5926651 -0.8012094 0.08253448 0
-0.4723616 -0.4287422 -0.7701003 0
-0.2221157 0.9097335 0.1007415 1

0.252493 0.189745 0.9488118 0
0.01659095 -0.981289 0.1918248 0
0.9674563 -0.03269259 -0.2509167 0
-0.277869 0.8546472 0.09273247 1

0.08701044 0.0482573 0.9950377 0
0.004987761 -0.9988348 0.04800545 0
0.9961948 0.0007861378 -0.08714987 0
-0.2827334 0.8573845 0.06164107 1

0.01787418 -0.1183338 0.9928128 0
0.09681115 -0.9881012 -0.119515 0
0.9951421 0.09825166 -0.006205642 0
-0.2816153 0.8633957 0.03478441 1

0.5436139 -0.2649506 -0.7964203 0
0.05091419 -0.9367137 0.3463754 0
-0.8377895 -0.2288435 -0.4957206 0
0.2645816 0.8577612 0.1175838 1

0.6523974 -0.4174258 0.632561 0
-0.592665 -0.8012094 0.08253457 0
0.4723616 -0.4287423 -0.7701004 0
0.2221157 0.9097335 0.1007413 1

0.252493 -0.1897449 -0.9488121 0
-0.01659094 -0.9812893 0.1918248 0
-0.9674563 -0.03269254 -0.2509166 0
0.277869 0.854647 0.09273232 1

0.08701044 -0.04825725 -0.9950381 0
-0.004987702 -0.998835 0.04800544 0
-0.9961948 0.0007861583 -0.08714969 0
0.2827334 0.8573843 0.06164093 1

0.01787418 0.1183339 -0.992813 0
-0.09681115 -0.9881014 -0.1195151 0
-0.9951422 0.09825186 -0.006205409 0
0.2816153 0.8633956 0.03478424 1

0.5392733 0.2009133 0.8178128 0
0.1862636 -0.9755284 0.1168357 0
0.8212734 0.08932254 -0.5634995 0
-0.2663558 0.8251203 0.1296539 1

0.6572167 0.4134928 -0.6301508 0
0.6047803 -0.7882609 0.1135154 0
-0.4497853 -0.455707 -0.7681302 0
-0.1988767 0.8783172 0.1039777 1

0.2419868 0.07915998 0.9670447 0
0.3911131 -0.9200662 -0.02255505 0
0.8879597 0.383682 -0.2536045 0
-0.277317 0.8219999 0.09911447 1

0.08163249 -0.0295208 0.9962252 0
0.4246298 -0.903272 -0.0615612 0
0.9016792 0.4280524 -0.0612011 0
-0.2825829 0.8272478 0.06308945 1

0.01832223 -0.05707165 0.9982018 0
0.6153699 -0.786229 -0.0562473 0
0.7880253 0.6152941 0.02071455 0
-0.2795147 0.8419567 0.03219128 1

0.5392733 -0.2009134 -0.8178132 0
-0.1862636 -0.9755286 0.1168357 0
-0.8212734 0.08932272 -0.5634992 0
0.2663558 0.8251202 0.1296538 1

0.6572167 -0.4134928 0.6301508 0
-0.6047803 -0.7882611 0.1135155 0
0.4497853 -0.4557071 -0.7681304 0
0.1988767 0.8783173 0.1039775 1

0.2419868 -0.07915995 -0.9670449 0
-0.391113 -0.9200665 -0.02255496 0
-0.8879597 0.3836822 -0.2536044 0
0.277317 0.8219998 0.09911426 1

0.08163258 0.02952087 -0.9962255 0
-0.4246297 -0.9032719 -0.0615612 0
-0.9016793 0.4280525 -0.06120094 0
0.2825829 0.8272477 0.06308933 1

0.0183222 0.05707183 -0.998202 0
-0.61537 -0.786229 -0.0562473 0
-0.7880254 0.6152945 0.02071477 0
0.2795147 0.8419566 0.03219109 1

0.5428001 0.2496776 0.8018907 0
0.3636035 -0.9305327 0.04360838 0
0.7570735 0.2678998 -0.5958771 0
-0.2603505 0.7936687 0.1334207 1

0.2245111 -0.06066437 0.9725814 0
0.6159931 -0.7645241 -0.1898829 0
0.7550807 0.6417344 -0.1342754 0
-0.2631169 0.7885951 0.09829556 1

0.0748142 -0.1190174 0.9900694 0
0.8101521 -0.5716383 -0.1299361 0
0.5814261 0.811828 0.05365533 0
-0.2697026 0.799849 0.06122212 1

0.01874423 0.01274108 0.999743 0
0.8375879 -0.5462322 -0.008742678 0
0.5459805 0.8375371 -0.02091066 0
-0.2679622 0.8271967 0.03113533 1

0.5428001 -0.2496777 -0.801891 0
-0.3636033 -0.9305326 0.04360848 0
-0.7570735 0.2678999 -0.595877 0
0.2603505 0.7936686 0.1334206 1

0.2245111 0.06066446 -0.9725818 0
-0.615993 -0.7645243 -0.1898829 0
-0.7550808 0.6417348 -0.1342753 0
0.2631168 0.788595 0.09829534 1

0.0748142 0.1190175 -0.9900697 0
-0.810152 -0.5716383 -0.129936 0
-0.5814263 0.8118281 0.05365551 0
0.2697026 0.7998487 0.06122198 1

0.01874426 -0.01274094 -0.9997432 0
-0.8375881 -0.5462322 -0.008742559 0
-0.5459804 0.8375373 -0.02091051 0
0.2679622 0.8271965 0.03113515 1

1 0 0 0
0 0.976922 0.2135964 0
0 -0.2135964 0.976922 0
0 0.9320261 -0.05094362 1

1 0 0 0
0 0.9944715 0.1050065 0
0 -0.1050065 0.9944715 0
0 1.092424 -0.0158738 1

0.9909539 0.007751457 0.1339754 0
-0.004125737 -0.9960986 0.08814781 0
0.134136 -0.08790321 -0.9870561 0
-0.1054737 0.9401466 -0.01144394 1

0.9909539 -0.007751526 -0.1339752 0
0.004125622 -0.9960988 0.08814756 0
-0.1341358 -0.08790291 -0.9870563 0
0.1054737 0.9401466 -0.01144394 1

1 0 0 0
0 0.999373 -0.03540886 0
0 0.03540886 0.999373 0
0 1.238343 -0.0004661554 1

0.9878556 -0.01682025 0.15446 0
0.04143685 -0.9295966 -0.3662416 0
0.1497457 0.3681941 -0.91761 0
-0.1071508 0.5352404 0.02438748 1

0.9878555 0.01682018 -0.1544598 0
-0.0414369 -0.9295966 -0.3662419 0
-0.1497455 0.3681944 -0.91761 0
0.1071508 0.5352404 0.02438735 1

1 -6.694067E-08 2.288283E-07 0
-7.105427E-15 0.9597752 0.2807695 0
-2.384186E-07 -0.2807696 0.9597753 0
0 1.530339 -0.01081185 1

-0.8339662 0.2962198 0.4655687 0
-0.3829696 -0.9181299 -0.1018441 0
0.3972842 -0.2632331 0.8791324 0
-0.1817945 1.430267 -0.01420275 1

-0.8339663 -0.2962198 -0.4655687 0
0.3829696 -0.91813 -0.1018443 0
-0.3972842 -0.2632333 0.8791324 0
0.1817945 1.430267 -0.01420275 1

-0.9929982 0.09458549 -0.07081517 0
-0.08037572 -0.101424 0.9915923 0
0.08660786 0.9903414 0.1083165 0
-0.08485311 0.03501223 -0.1726919 1

-0.9929981 -0.09458578 0.07081442 0
0.08037505 -0.1014242 0.9915923 0
-0.08660818 0.9903415 0.1083167 0
0.08485305 0.03501235 -0.1726922 1

1 1.582876E-10 2.384186E-07 0
-4.093863E-10 0.9999995 0.001053125 0
-2.384183E-07 -0.00105314 0.9999996 0
7.116852E-15 1.643968 0.022429 1

-0.8675497 0.1352392 0.4786102 0
0.08020166 -0.9116842 0.4029886 0
0.4908412 0.3879981 0.7800848 0
-0.2834992 1.18644 -0.04124946 1

-0.8675498 -0.1352392 -0.4786102 0
-0.08020165 -0.9116846 0.4029886 0
-0.4908412 0.387998 0.7800849 0
0.2834992 1.186441 -0.04124952 1

-0.9948777 -9.79653E-06 -0.1011171 0
-0.1011169 7.866263E-05 0.9948754 0
-1.644716E-06 1.000005 -7.829071E-05 0
-0.1003735 0.01542735 0.01878324 1

-0.9948776 9.511546E-06 0.1011164 0
0.1011162 7.840931E-05 0.9948756 0
1.380686E-06 1.000005 -7.808209E-05 0
0.1003734 0.01542735 0.01878297 1

0.271974 0.2146583 0.9380577 0
-0.1207551 -0.959485 0.2545723 0
0.9546981 -0.1825122 -0.2350338 0
-0.2645299 0.9708078 0.05406588 1

0.2719735 -0.2146583 -0.9380578 0
0.120755 -0.9594854 0.2545723 0
-0.9546981 -0.182512 -0.2350333 0
0.2645299 0.9708078 0.05406577 1

0.5433573 0.2653983 0.7964461 0
-0.05000127 -0.9367981 0.3462796 0
0.8380111 -0.2279768 -0.4957458 0
-0.2640386 0.8576985 0.1172438 1

0.6519895 0.4181255 -0.6325195 0
0.5934452 -0.8006404 0.08245125 0
-0.4719455 -0.4291231 -0.7701434 0
-0.2216233 0.9097139 0.1004064 1

0.25231 0.1898937 0.9488309 0
0.01754689 -0.9812921 0.1917242 0
0.9674873 -0.03172483 -0.2509219 0
-0.277323 0.8545741 0.0923919 1

0.08696547 0.04824006 0.9950426 0
0.005960509 -0.9988344 0.04790304 0
0.9961935 0.001765113 -0.08715159 0
-0.2821901 0.8573099 0.0613008 1

0.01799142 -0.118418 0.9928008 0
0.09777305 -0.9879941 -0.1196165 0
0.9950461 0.09922139 -0.006197294 0
-0.2810779 0.8633249 0.03444474 1

0.5433569 -0.2653985 -0.7964466 0
0.05000128 -0.9367984 0.3462795 0
-0.8380113 -0.2279766 -0.4957453 0
0.2640386 0.8576984 0.1172436 1

0.6519895 -0.4181258 0.632519 0
-0.5934452 -0.8006405 0.08245163 0
0.4719451 -0.4291232 -0.7701437 0
0.2216233 0.9097138 0.1004063 1

0.2523096 -0.1898937 -0.9488311 0
-0.01754694 -0.9812925 0.1917242 0
-0.9674873 -0.03172459 -0.2509213 0
0.277323 0.854574 0.09239171 1

0.08696502 -0.04824007 -0.9950427 0
-0.005960539 -0.9988347 0.04790301 0
-0.9961935 0.001765325 -0.08715103 0
0.2821901 0.8573098 0.06130063 1

0.01799095 0.1184182 -0.9928009 0
-0.09777337 -0.9879944 -0.1196165 0
-0.9950461 0.09922169 -0.006196705 0
0.2810779 0.8633249 0.03444456 1

0.5390792 0.2013547 0.8178326 0
0.1872137 -0.9753585 0.1167354 0
0.821185 0.09017989 -0.5634918 0
-0.2657809 0.8250546 0.1293103 1

0.6568125 0.414197 -0.6301097 0
0.6055479 -0.7876832 0.1134335 0
-0.4493429 -0.4560662 -0.7681761 0
-0.1983538 0.8783199 0.1036394 1

0.2419115 0.07929659 0.9670528 0
0.3920088 -0.9196827 -0.02265009 0
0.8875854 0.3845725 -0.2535669 0
-0.2767392 0.8219267 0.09877057 1

0.08166316 -0.02954327 0.996222 0
0.425509 -0.9028516 -0.06165459 0
0.901262 0.4289366 -0.06115889 0
-0.2820102 0.8271734 0.06274609 1

0.01837975 -0.05715593 0.998196 0
0.6161352 -0.7856237 -0.05632908 0
0.7874259 0.616059 0.02077618 0
-0.2789565 0.8418884 0.03184942 1

0.5390787 -0.2013549 -0.8178329 0
-0.1872137 -0.9753588 0.1167354 0
-0.8211852 0.09018028 -0.5634912 0
0.265781 0.8250545 0.1293101 1

0.6568126 -0.4141974 0.6301093 0
-0.605548 -0.7876835 0.1134338 0
0.4493425 -0.4560663 -0.7681765 0
0.1983538 0.8783199 0.1036393 1

0.2419111 -0.07929654 -0.9670528 0
-0.3920088 -0.9196829 -0.02264981 0
-0.8875853 0.3845729 -0.2535662 0
0.2767392 0.8219266 0.09877036 1

0.0816628 0.02954342 -0.9962222 0
-0.4255092 -0.9028518 -0.06165438 0
-0.9012619 0.4289369 -0.06115834 0
0.2820103 0.8271731 0.06274594 1

0.0183793 0.05715609 -0.9981961 0
-0.6161355 -0.7856238 -0.05632879 0
-0.7874258 0.6160597 0.02077677 0
0.2789564 0.8418882 0.03184924 1

0.5425585 0.2501241 0.8019153 0
0.3645095 -0.9301828 0.04351236 0
0.7568111 0.2686979 -0.5958511 0
-0.259745 0.7936085 0.1330739 1

0.224572 -0.06054526 0.9725749 0
0.6167371 -0.7639045 -0.1899625 0
0.7544552 0.6424832 -0.134211 0
-0.2625066 0.7885358 0.0979482 1

0.07493204 -0.1190458 0.9900572 0
0.810708 -0.5708359 -0.1299962 0
0.5806355 0.8123884 0.05373752 0
-0.2691032 0.7997871 0.06087593 1

0.01873389 0.01265699 0.9997445 0
0.8381196 -0.5454155 -0.008800293 0
0.5451647 0.8380706 -0.02082586 0
-0.2673896 0.8271395 0.03079193 1

0.542558 -0.2501242 -0.8019157 0
-0.3645095 -0.9301826 0.04351249 0
-0.7568114 0.2686982 -0.5958505 0
0.2597451 0.7936084 0.1330737 1

0.2245716 0.06054528 -0.9725751 0
-0.6167371 -0.7639045 -0.1899621 0
-0.7544553 0.6424838 -0.1342105 0
0.2625065 0.7885357 0.09794795 1

0.07493162 0.119046 -0.9900573 0
-0.8107082 -0.5708359 -0.1299957 0
-0.5806354 0.8123887 0.0537379 0
0.2691032 0.7997868 0.06087579 1

0.01873341 -0.01265678 -0.9997445 0
-0.8381197 -0.5454153 -0.008799697 0
-0.5451645 0.838071 -0.02082544 0
0.2673895 0.8271394 0.03079174 1

1 0 0 0
0 0.976922 0.2135964 0
0 -0.2135964 0.976922 0
0 0.9320261 -0.05094362 1

1 0 0 0
0 0.9946049 0.1037354 0
0 -0.1037354 0.9946049 0
0 1.092424 -0.0158738 1

0.9909539 0.007751457 0.1339754 0
-0.004125737 -0.9960986 0.08814781 0
0.134136 -0.08790321 -0.9870561 0
-0.1054737 0.9401466 -0.01144394 1

0.9909539 -0.007751526 -0.1339752 0
0.004125622 -0.9960988 0.08814756 0
-0.1341358 -0.08790291 -0.9870563 0
0.1054737 0.9401466 -0.01144394 1

1 0 0 0
0 0.9993269 -0.0366861 0
0 0.0366861 0.9993269 0
0 1.238363 -0.0006526732 1

0.9878556 -0.01682025 0.15446 0
0.04143685 -0.9295966 -0.3662416 0
0.1497457 0.3681941 -0.91761 0
-0.1071508 0.5352404 0.02438748 1

0.9878555 0.01682018 -0.1544598 0
-0.0414369 -0.9295966 -0.3662419 0
-0.1497455 0.3681944 -0.91761 0
0.1071508 0.5352404 0.02438735 1

1 -6.664815E-08 2.289137E-07 0
-7.105427E-15 0.9601333 0.2795426 0
-2.384186E-07 -0.2795426 0.9601334 0
0 1.530345 -0.01137155 1

-0.8337521 0.2955414 0.4663827 0
-0.3827274 -0.918173 -0.1023658 0
0.3979665 -0.263845 0.8786402 0
-0.1817945 1.430269 -0.01463455 1

-0.8337522 -0.2955414 -0.4663826 0
0.3827274 -0.918173 -0.1023659 0
-0.3979664 -0.2638451 0.8786402 0
0.1817945 1.430269 -0.01463455 1

-0.9929982 0.09458549 -0.07081517 0
-0.08037572 -0.101424 0.9915923 0
0.08660786 0.9903414 0.1083165 0
-0.08485311 0.03501223 -0.1726919 1

-0.9929981 -0.09458578 0.07081442 0
0.08037505 -0.1014242 0.9915923 0
-0.08660818 0.9903415 0.1083167 0
0.08485305 0.03501235 -0.1726922 1

1 4.630323E-10 2.384182E-07 0
-1.221267E-09 0.9999949 0.003180281 0
-2.384155E-07 -0.003180311 0.999995 0
7.116852E-15 1.644017 0.02172403 1

-0.8672718 0.1344379 0.4793392 0
0.08109549 -0.9118367 0.4024651 0
0.4911854 0.387919 0.7799076 0
-0.2834349 1.186431 -0.0418198 1

-0.8672719 -0.1344379 -0.479339 0
-0.08109547 -0.9118366 0.402465 0
-0.4911854 0.3879189 0.7799078 0
0.2834349 1.186431 -0.04181986 1

-0.9948777 -9.79653E-06 -0.1011171 0
-0.1011169 7.866263E-05 0.9948754 0
-1.644716E-06 1.000005 -7.829071E-05 0
-0.1003735 0.01542735 0.01878324 1

-0.9948776 9.511546E-06 0.1011164 0
0.1011162 7.840931E-05 0.9948756 0
1.380686E-06 1.000005 -7.808209E-05 0
0.1003734 0.01542735 0.01878297 1

0.2719059 0.2145027 0.9381129 0
-0.1201598 -0.9596444 0.2542534 0
0.9547925 -0.1818564 -0.2351584 0
-0.2642541 0.9707622 0.05337173 1

0.2719053 -0.2145028 -0.9381133 0
0.1201597 -0.9596447 0.2542534 0
-0.9547929 -0.1818562 -0.2351577 0
0.2642541 0.9707623 0.05337163 1

0.5432495 0.2654547 0.7965012 0
-0.04941369 -0.9369461 0.3459638 0
0.838116 -0.2273027 -0.4958782 0
-0.2636905 0.8576317 0.116511 1

0.6516958 0.418734 -0.6324197 0
0.5939332 -0.8003105 0.08213969 0
-0.4717372 -0.4291453 -0.7702588 0
-0.2213077 0.9096785 0.09968864 1

0.2522577 0.1897226 0.9488789 0
0.0181511 -0.9813467 0.1913888 0
0.9674898 -0.03105598 -0.250996 0
-0.2769747 0.8545077 0.091659 1

0.08700153 0.04795366 0.9950532 0
0.006565854 -0.998847 0.0475624 0
0.9961866 0.002395484 -0.08721614 0
-0.2818455 0.8572512 0.06056914 1

0.01812783 -0.1187454 0.9927591 0
0.09836087 -0.9878945 -0.1199594 0
0.9949857 0.09982346 -0.006228613 0
-0.2807387 0.863276 0.03371506 1

0.5432488 -0.2654548 -0.7965015 0
0.04941367 -0.9369463 0.3459637 0
-0.8381164 -0.2273023 -0.4958775 0
0.2636905 0.8576317 0.1165109 1

0.6516961 -0.4187343 0.6324192 0
-0.5939334 -0.8003106 0.0821403 0
0.4717366 -0.4291454 -0.7702591 0
0.2213077 0.9096784 0.09968854 1

0.252257 -0.1897227 -0.9488792 0
-0.01815133 -0.9813468 0.1913889 0
-0.96749 -0.03105561 -0.2509951 0
0.2769747 0.8545077 0.09165887 1

0.08700088 -0.04795354 -0.9950535 0
-0.006566077 -0.9988472 0.04756249 0
-0.9961867 0.002395769 -0.08721532 0
0.2818455 0.8572509 0.060569 1

0.01812729 0.1187455 -0.9927594 0
-0.09836131 -0.9878945 -0.1199593 0
-0.9949858 0.09982388 -0.006227821 0
0.2807386 0.8632759 0.03371492 1

0.5390114 0.2014012 0.8178658 0
0.1878094 -0.9752854 0.1163909 0
0.8210934 0.09086696 -0.5635146 0
-0.2654124 0.8249826 0.1285665 1

0.6565213 0.4148076 -0.6300114 0
0.6060302 -0.7873566 0.1131255 0
-0.4491182 -0.4560755 -0.768302 0
-0.198019 0.8782973 0.1029094 1

0.2419271 0.07911304 0.9670637 0
0.3925617 -0.9194385 -0.02298893 0
0.8873366 0.385194 -0.2534938 0
-0.2763708 0.8218586 0.09802648 1

0.08174637 -0.02983341 0.9962066 0
0.4260494 -0.902574 -0.06198989 0
0.9009992 0.4295008 -0.06107167 0
-0.2816473 0.8271141 0.06200416 1

0.01847968 -0.05748489 0.9981753 0
0.616605 -0.7852328 -0.05663697 0
0.7870557 0.6165267 0.02093453 0
-0.2786045 0.8418415 0.03111227 1

0.5390106 -0.2014013 -0.8178664 0
-0.1878096 -0.9752853 0.1163911 0
-0.821094 0.09086744 -0.563514 0
0.2654124 0.8249826 0.1285664 1

0.6565217 -0.4148081 0.6300111 0
-0.6060303 -0.7873566 0.1131261 0
0.4491175 -0.4560756 -0.7683026 0
0.198019 0.8782975 0.1029093 1

0.2419264 -0.07911302 -0.967064 0
-0.392562 -0.9194387 -0.0229886 0
-0.8873368 0.3851945 -0.2534932 0
0.2763708 0.8218584 0.09802631 1

0.08174568 0.0298335 -0.9962068 0
-0.4260496 -0.9025738 -0.06198955 0
-0.9009992 0.4295011 -0.06107096 0
0.2816473 0.827114 0.06200404 1

0.01847896 0.05748502 -0.9981754 0
-0.6166056 -0.7852327 -0.05663648 0
-0.7870557 0.6165274 0.02093524 0
0.2786044 0.8418415 0.03111216 1

0.5424601 0.250178 0.8019648 0
0.3650731 -0.9299775 0.04317163 0
0.7566099 0.2693571 -0.595809 0
-0.2593573 0.793539 0.1323191 1

0.2246722 -0.06074112 0.9725395 0
0.6171851 -0.7634679 -0.190263 0
0.754059 0.6429837 -0.1340415 0
-0.262118 0.7884765 0.0971918 1

0.07506871 -0.1193379 0.9900116 0
0.8110436 -0.5703027 -0.1302436 0
0.5801491 0.81272 0.05397621 0
-0.2687239 0.7997364 0.06012383 1

0.01879179 0.01232776 0.9997474 0
0.8384476 -0.5449071 -0.009040768 0
0.5446579 0.8384061 -0.02057609 0
-0.2670287 0.8271 0.03004904 1

0.5424595 -0.2501781 -0.8019656 0
-0.3650733 -0.9299775 0.04317204 0
-0.7566104 0.2693576 -0.5958084 0
0.2593574 0.7935389 0.1323189 1

0.2246716 0.0607412 -0.9725398 0
-0.6171854 -0.7634677 -0.1902625 0
-0.7540591 0.6429843 -0.134041 0
0.262118 0.7884763 0.09719164 1

0.07506812 0.119338 -0.9900119 0
-0.811044 -0.5703024 -0.130243 0
-0.5801489 0.8127203 0.05397671 0
0.268724 0.7997363 0.06012372 1

0.01879108 -0.01232763 -0.9997475 0
-0.838448 -0.5449067 -0.00904012 0
-0.5446577 0.8384067 -0.02057554 0
0.2670286 0.8271001 0.0300489 1

1 0 0 0
0 0.976922 0.2135964 0
0 -0.2135964 0.976922 0
0 0.9320261 -0.05094362 1

1 0 0 0
0 0.9947929 0.1019175 0
0 -0.1019175 0.9947929 0
0 1.092424 -0.0158738 1

0.9909539 0.007751457 0.1339754 0
-0.004125737 -0.9960986 0.08814781 0
0.134136 -0.08790321 -0.9870561 0
-0.1054737 0.9401466 -0.01144394 1

0.9909539 -0.007751526 -0.1339752 0
0.004125622 -0.9960988 0.08814756 0
-0.1341358 -0.08790291 -0.9870563 0
0.1054737 0.9401466 -0.01144394 1

1 0 0 0
0 0.9992582 -0.03851243 0
0 0.03851243 0.9992582 0
0 1.238391 -0.0009194115 1

0.9878556 -0.01682025 0.15446 0
0.04143685 -0.9295966 -0.3662416 0
0.1497457 0.3681941 -0.91761 0
-0.1071508 0.5352404 0.02438748 1

0.9878555 0.01682018 -0.1544598 0
-0.0414369 -0.9295966 -0.3662419 0
-0.1497455 0.3681944 -0.91761 0
0.1071508 0.5352404 0.02438735 1

1 -6.622967E-08 2.290351E-07 0
-7.105427E-15 0.9606426 0.2777874 0
-2.384186E-07 -0.2777874 0.9606427 0
0 1.530352 -0.01217192 1

-0.833358 0.2949936 0.4674327 0
-0.3828265 -0.9180441 -0.1031473 0
0.3986959 -0.2649043 0.8779906 0
-0.1817945 1.430271 -0.015252 1

-0.8333579 -0.2949936 -0.4674325 0
0.3828265 -0.918044 -0.1031475 0
-0.3986957 -0.2649044 0.8779907 0
0.1817945 1.430271 -0.015252 1

-0.9929982 0.09458549 -0.07081517 0
-0.08037572 -0.101424 0.9915923 0
0.08660786 0.9903414 0.1083165 0
-0.08485311 0.03501223 -0.1726919 1

-0.9929981 -0.09458578 0.07081442 0
0.08037505 -0.1014242 0.9915923 0
-0.08660818 0.9903415 0.1083167 0
0.08485305 0.03501235 -0.1726922 1

1 8.987763E-10 2.38417E-07 0
-2.391801E-09 0.9999804 0.006262303 0
-2.384066E-07 -0.006262333 0.9999804 0
7.116852E-15 1.644085 0.02071589 1

-0.8668665 0.1337623 0.4802604 0
0.08176794 -0.9121401 0.4016402 0
0.491789 0.3874384 0.779766 0
-0.2834613 1.186467 -0.04264482 1

-0.8668665 -0.1337622 -0.4802602 0
-0.08176796 -0.9121402 0.4016404 0
-0.4917889 0.3874385 0.7797662 0
0.2834613 1.186467 -0.04264489 1

-0.9948777 -9.79653E-06 -0.1011171 0
-0.1011169 7.866263E-05 0.9948754 0
-1.644716E-06 1.000005 -7.829071E-05 0
-0.1003735 0.01542735 0.01878324 1

-0.9948776 9.511546E-06 0.1011164 0
0.1011162 7.840931E-05 0.9948756 0
1.380686E-06 1.000005 -7.808209E-05 0
0.1003734 0.01542735 0.01878297 1

0.2719626 0.214059 0.9381979 0
-0.1198739 -0.959816 0.25374 0
0.9548123 -0.1814731 -0.235374 0
-0.2641214 0.9707264 0.05235161 1

0.2719619 -0.2140591 -0.9381981 0
0.1198735 -0.9598162 0.25374 0
-0.9548124 -0.1814726 -0.2353731 0
0.2641214 0.9707264 0.05235154 1

0.5432754 0.265161 0.7965813 0
-0.04912262 -0.9371492 0.3454542 0
0.8381163 -0.2268069 -0.4961046 0
-0.26352 0.8575613 0.1154286 1

0.6515077 0.4192551 -0.6322681 0
0.594156 -0.8001976 0.08162759 0
-0.4717164 -0.428847 -0.7704375 0
-0.2211531 0.9096286 0.09862974 1

0.2523222 0.1892678 0.9489527 0
0.01843531 -0.981447 0.1908467 0
0.9674675 -0.03066057 -0.25113 0
-0.2768064 0.8544476 0.09057646 1

0.08710939 0.04742945 0.995069 0
0.006837234 -0.998871 0.0470121 0
0.9961753 0.002708443 -0.08733536 0
-0.2816817 0.8572067 0.05948874 1

0.01827976 -0.1192864 0.9926915 0
0.09860897 -0.9878021 -0.1205148 0
0.9949583 0.1000915 -0.006294105 0
-0.2805797 0.8632467 0.03263782 1

0.5432746 -0.2651612 -0.7965818 0
0.04912244 -0.9371495 0.3454543 0
-0.8381166 -0.2268065 -0.4961039 0
0.26352 0.8575613 0.1154285 1

0.6515079 -0.4192555 0.6322675 0
-0.5941561 -0.8001974 0.08162817 0
0.4717157 -0.4288472 -0.7704379 0
0.2211531 0.9096285 0.09862966 1

0.2523215 -0.1892678 -0.948953 0
-0.01843561 -0.981447 0.1908469 0
-0.9674677 -0.03066005 -0.2511292 0
0.2768064 0.8544474 0.09057636 1

0.08710879 -0.04742942 -0.9950693 0
-0.006837606 -0.9988712 0.04701226 0
-0.9961752 0.002708952 -0.08733454 0
0.2816817 0.8572066 0.05948859 1

0.01827928 0.1192866 -0.9926917 0
-0.0986096 -0.9878021 -0.1205146 0
-0.9949582 0.1000921 -0.006293235 0
0.2805796 0.8632466 0.03263769 1

0.5390568 0.2010946 0.8179113 0
0.1880829 -0.975299 0.1158316 0
0.8210011 0.0913953 -0.5635641 0
-0.2652318 0.8249052 0.1274664 1

0.6563348 0.4153288 -0.6298628 0
0.6062531 -0.7872574 0.112619 0
-0.44909 -0.4557722 -0.7684985 0
-0.1978557 0.878252 0.1018305 1

0.2420233 0.07864547 0.9670777 0
0.3928035 -0.9193212 -0.02354225 0
0.8872035 0.3855694 -0.2533892 0
-0.2761931 0.821795 0.09692592 1

0.08187506 -0.03035957 0.9961802 0
0.4262818 -0.9024263 -0.06253802 0
0.9008776 0.4297738 -0.06094441 0
-0.2814754 0.827069 0.06090712 1

0.0186159 -0.05802897 0.9981413 0
0.616807 -0.7850375 -0.05714358 0
0.7868942 0.6167244 0.02117843 0
-0.2784402 0.8418141 0.030023 1

0.5390561 -0.2010948 -0.8179119 0
-0.1880831 -0.9752989 0.1158318 0
-0.8210012 0.09139584 -0.5635632 0
0.2652318 0.8249051 0.1274663 1

0.6563348 -0.4153291 0.6298621 0
-0.6062534 -0.7872573 0.1126197 0
0.4490893 -0.4557725 -0.768499 0
0.1978557 0.8782521 0.1018304 1

0.2420226 -0.0786455 -0.9670782 0
-0.3928037 -0.9193211 -0.02354176 0
-0.8872034 0.3855699 -0.2533886 0
0.276193 0.8217949 0.09692574 1

0.08187452 0.03035964 -0.9961804 0
-0.4262821 -0.9024261 -0.0625376 0
-0.9008772 0.4297744 -0.06094369 0
0.2814754 0.8270689 0.06090704 1

0.01861537 0.05802905 -0.9981413 0
-0.6168073 -0.7850372 -0.05714292 0
-0.7868938 0.6167252 0.02117916 0
0.2784401 0.841814 0.03002289 1

0.5424908 0.2498812 0.8020369 0
0.3653257 -0.9299039 0.04261586 0
0.756466 0.269886 -0.5957522 0
-0.2591679 0.793461 0.1312009 1

0.2248063 -0.06121625 0.9724788 0
0.6173651 -0.7631988 -0.1907576 0
0.7538716 0.6432578 -0.133779 0
-0.2619316 0.7884172 0.09607119 1

0.07522041 -0.1198625 0.9899367 0
0.8111795 -0.5700152 -0.1306555 0
0.5799395 0.8128444 0.05435314 0
-0.2685449 0.7996957 0.05901017 1

0.01890969 0.01178281 0.9997519 0
0.8385915 -0.5446788 -0.009442057 0
0.5444324 0.8385621 -0.02018072 0
-0.2668607 0.8270764 0.02895024 1

0.5424901 -0.2498814 -0.8020375 0
-0.3653258 -0.9299039 0.04261629 0
-0.7564663 0.2698864 -0.5957516 0
0.2591679 0.7934609 0.1312008 1

0.2248057 0.06121622 -0.9724791 0
-0.6173653 -0.7631986 -0.1907571 0
-0.7538715 0.6432585 -0.1337785 0
0.2619315 0.7884172 0.09607103 1

0.0752199 0.1198625 -0.9899371 0
-0.8111796 -0.5700149 -0.1306548 0
-0.5799391 0.8128448 0.05435351 0
0.2685449 0.7996955 0.05901008 1

0.01890907 -0.01178269 -0.9997519 0
-0.8385916 -0.5446784 -0.009441207 0
-0.5444319 0.8385625 -0.02018024 0
0.2668605 0.8270763 0.02895011 1

1 0 0 0
0 0.976922 0.2135964 0
0 -0.2135964 0.976922 0
0 0.9320261 -0.05094362 1

1 0 0 0
0 0.9950259 0.09961675 0
0 -0.09961675 0.9950259 0
0 1.092424 -0.0158738 1

0.9909539 0.007751457 0.1339754 0
-0.004125737 -0.9960986 0.08814781 0
0.134136 -0.08790321 -0.9870561 0
-0.1054737 0.9401466 -0.01144394 1

0.9909539 -0.007751526 -0.1339752 0
0.004125622 -0.9960988 0.08814756 0
-0.1341358 -0.08790291 -0.9870563 0
0.1054737 0.9401466 -0.01144394 1

1 0 0 0
0 0.9991665 -0.04082312 0
0 0.04082312 0.9991665 0
0 1.238425 -0.001257001 1

0.9878556 -0.01682025 0.15446 0
0.04143685 -0.9295966 -0.3662416 0
0.1497457 0.3681941 -0.91761 0
-0.1071508 0.5352404 0.02438748 1

0.9878555 0.01682018 -0.1544598 0
-0.0414369 -0.9295966 -0.3662419 0
-0.1497455 0.3681944 -0.91761 0
0.1071508 0.5352404 0.02438735 1

1 -6.569985E-08 2.291876E-07 0
-7.105427E-15 0.9612824 0.2755651 0
-2.384186E-07 -0.2755651 0.9612825 0
0 1.53036 -0.01318463 1

-0.8328049 0.2945652 0.4686868 0
-0.3832312 -0.9177613 -0.1041554 0
0.399462 -0.2663564 0.8772027 0
-0.1817945 1.430272 -0.01603328 1

-0.832805 -0.2945652 -0.4686865 0
0.3832312 -0.9177614 -0.1041556 0
-0.3994617 -0.2663565 0.8772029 0
0.1817945 1.430272 -0.01603328 1

-0.9929982 0.09458549 -0.07081517 0
-0.08037572 -0.101424 0.9915923 0
0.08660786 0.9903414 0.1083165 0
-0.08485311 0.03501223 -0.1726919 1

-0.9929981 -0.09458578 0.07081442 0
0.08037505 -0.1014242 0.9915923 0
-0.08660818 0.9903415 0.1083167 0
0.08485305 0.03501235 -0.1726922 1

1 1.450126E-09 2.384142E-07 0
-3.877069E-09 0.9999481 0.01017982 0
-2.383871E-07 -0.01017986 0.9999481 0
7.116852E-15 1.644168 0.01944007 1

-0.8663495 0.1332025 0.4813475 0
0.0822384 -0.9125761 0.400552 0
0.4926207 0.3866033 0.7796555 0
-0.2835687 1.186543 -0.04369379 1

-0.8663497 -0.1332024 -0.4813472 0
-0.08223835 -0.9125764 0.4005521 0
-0.4926205 0.3866034 0.7796556 0
0.2835687 1.186543 -0.04369387 1

-0.9948777 -9.79653E-06 -0.1011171 0
-0.1011169 7.866263E-05 0.9948754 0
-1.644716E-06 1.000005 -7.829071E-05 0
-0.1003735 0.01542735 0.01878324 1

-0.9948776 9.511546E-06 0.1011164 0
0.1011162 7.840931E-05 0.9948756 0
1.380686E-06 1.000005 -7.808209E-05 0
0.1003734 0.01542735 0.01878297 1

0.2721288 0.2133634 0.938308 0
-0.1198664 -0.9599966 0.2530588 0
0.9547658 -0.1813362 -0.2356676 0
-0.2641176 0.9706989 0.05104525 1

0.272128 -0.2133635 -0.9383086 0
0.1198661 -0.9599971 0.2530588 0
-0.9547663 -0.1813357 -0.2356668 0
0.2641176 0.9706988 0.05104515 1

0.5434195 0.2645588 0.796683 0
-0.04909894 -0.9373995 0.3447776 0
0.8380241 -0.2264752 -0.4964116 0
-0.2635098 0.8574878 0.1140394 1

0.6514164 0.4196929 -0.6320716 0
0.5941402 -0.8002787 0.08094266 0
-0.4718623 -0.4282665 -0.7706711 0
-0.2211438 0.9095656 0.09727145 1

0.2524893 0.188565 0.9490481 0
0.01843126 -0.9815867 0.1901265 0
0.9674239 -0.03051268 -0.2513157 0
-0.2768005 0.8543927 0.08918727 1

0.08727911 0.04669911 0.9950886 0
0.006808281 -0.9989053 0.04628113 0
0.9961606 0.00273556 -0.08750158 0
-0.2816809 0.8571746 0.05810238 1

0.0184429 -0.1200125 0.992601 0
0.09855226 -0.9877171 -0.121253 0
0.9949608 0.1000594 -0.006388864 0
-0.2805832 0.8632342 0.0312557 1

0.5434188 -0.2645592 -0.7966837 0
0.04909872 -0.9374 0.3447777 0
-0.8380248 -0.2264747 -0.4964109 0
0.2635098 0.8574876 0.1140393 1

0.6514167 -0.4196936 0.632071 0
-0.5941406 -0.8002786 0.08094315 0
0.4718615 -0.428267 -0.7706715 0
0.2211438 0.9095655 0.09727136 1

0.2524885 -0.1885652 -0.9490486 0
-0.01843168 -0.9815871 0.1901266 0
-0.9674244 -0.03051211 -0.2513149 0
0.2768004 0.8543923 0.08918711 1

0.08727831 -0.04669917 -0.995089 0
-0.006808743 -0.9989058 0.04628112 0
-0.9961607 0.002736165 -0.08750062 0
0.2816809 0.8571745 0.05810221 1

0.01844215 0.1200126 -0.9926012 0
-0.09855294 -0.9877176 -0.1212531 0
-0.994961 0.1000602 -0.00638794 0
0.2805831 0.863234 0.03125553 1

0.5392022 0.2004772 0.8179668 0
0.1880664 -0.9753903 0.1150873 0
0.8209092 0.09177685 -0.5636356 0
-0.2652207 0.8248228 0.1260536 1

0.6562437 0.4157647 -0.6296699 0
0.6062431 -0.7873619 0.1119414 0
-0.4492365 -0.455194 -0.7687553 0
-0.1978469 0.8781859 0.1004453 1

0.2421893 0.0779299 0.9670942 0
0.3927655 -0.9193181 -0.0242802 0
0.8871748 0.3857218 -0.2532573 0
-0.2761872 0.8217354 0.09551276 1

0.08204198 -0.03109044 0.9961438 0
0.4262379 -0.9023961 -0.06326931 0
0.900883 0.4297851 -0.06078245 0
-0.2814754 0.827036 0.05949872 1

0.01878223 -0.05875898 0.9980953 0
0.6167684 -0.7850182 -0.05782123 0
0.7869205 0.6166798 0.02149623 0
-0.2784449 0.8418035 0.02862488 1

0.5392014 -0.2004774 -0.8179675 0
-0.1880668 -0.9753906 0.1150874 0
-0.8209097 0.09177749 -0.5636349 0
0.2652207 0.8248227 0.1260535 1

0.656244 -0.4157652 0.6296693 0
-0.6062435 -0.7873619 0.1119421 0
0.4492358 -0.4551944 -0.7687561 0
0.197847 0.8781858 0.1004452 1

0.2421886 -0.07792997 -0.9670945 0
-0.392766 -0.9193183 -0.02427989 0
-0.887175 0.3857225 -0.2532565 0
0.2761872 0.8217351 0.09551256 1

0.08204129 0.0310905 -0.9961442 0
-0.4262384 -0.9023961 -0.06326891 0
-0.900883 0.4297858 -0.06078158 0
0.2814754 0.8270358 0.0594986 1

0.01878142 0.05875904 -0.9980956 0
-0.6167691 -0.785018 -0.05782073 0
-0.7869203 0.6166807 0.02149707 0
0.2784448 0.8418034 0.02862469 1

0.5426353 0.249275 0.8021275 0
0.3652984 -0.9299484 0.04187482 0
0.7563753 0.2702933 -0.5956826 0
-0.2591573 0.7933758 0.1297641 1

0.2249681 -0.06193506 0.9723957 0
0.6173044 -0.7630817 -0.1914194 0
0.7538728 0.6433275 -0.1334362 0
-0.2619271 0.7883577 0.09463119 1

0.07538307 -0.1205885 0.9898362 0
0.8111363 -0.5699494 -0.1312089 0
0.5799786 0.812783 0.0548491 0
-0.2685463 0.7996635 0.05757957 1

0.01907885 0.01105161 0.9997569 0
0.8385696 -0.5447028 -0.009981598 0
0.5444599 0.8385564 -0.01965989 0
-0.2668661 0.8270662 0.02753938 1

0.5426346 -0.2492754 -0.8021284 0
-0.365299 -0.9299482 0.04187508 0
-0.7563759 0.270294 -0.5956819 0
0.2591573 0.7933756 0.1297639 1

0.2249674 0.06193496 -0.9723963 0
-0.6173051 -0.7630817 -0.1914189 0
-0.7538728 0.6433284 -0.1334355 0
0.261927 0.7883575 0.09463098 1

0.07538238 0.1205886 -0.9898366 0
-0.8111368 -0.569949 -0.1312082 0
-0.5799783 0.8127838 0.0548497 0
0.2685463 0.7996632 0.05757948 1

0.01907805 -0.01105154 -0.9997572 0
-0.8385702 -0.5447023 -0.009980786 0
-0.5444596 0.8385574 -0.01965931 0
0.266866 0.8270659 0.02753919 1

1 0 0 0
0 0.976922 0.2135964 0
0 -0.2135964 0.976922 0
0 0.9320261 -0.05094362 1

1 0 0 0
0 0.9952945 0.09689714 0
0 -0.09689714 0.9952945 0
0 1.092424 -0.0158738 1

0.9909539 0.007751457 0.1339754 0
-0.004125737 -0.9960986 0.08814781 0
0.134136 -0.08790321 -0.9870561 0
-0.1054737 0.9401466 -0.01144394 1

0.9909539 -0.007751526 -0.1339752 0
0.004125622 -0.9960988 0.08814756 0
-0.1341358 -0.08790291 -0.9870563 0
0.1054737 0.9401466 -0.01144394 1

1 0 0 0
0 0.9990512 -0.04355355 0
0 0.04355355 0.9990512 0
0 1.238464 -0.001656043 1

0.9878556 -0.01682025 0.15446 0
0.04143685 -0.9295966 -0.3662416 0
0.1497457 0.3681941 -0.91761 0
-0.1071508 0.5352404 0.02438748 1

0.9878555 0.01682018 -0.1544598 0
-0.0414369 -0.9295966 -0.3662419 0
-0.1497455 0.3681944 -0.91761 0
0.1071508 0.5352404 0.02438735 1

1 -6.507327E-08 2.293663E-07 0
-7.105427E-15 0.9620318 0.2729371 0
-2.384186E-07 -0.2729371 0.962032 0
0 1.530365 -0.01438145 1

-0.8321142 0.2942455 0.4701127 0
-0.3839056 -0.9173425 -0.1053564 0
0.4002536 -0.2681473 0.8762957 0
-0.1817945 1.43027 -0.01695656 1

-0.8321141 -0.2942454 -0.4701123 0
0.3839055 -0.9173423 -0.1053566 0
-0.4002531 -0.2681473 0.8762958 0
0.1817945 1.43027 -0.01695656 1

-0.9929982 0.09458549 -0.07081517 0
-0.08037572 -0.101424 0.9915923 0
0.08660786 0.9903414 0.1083165 0
-0.08485311 0.03501223 -0.1726919 1

-0.9929981 -0.09458578 0.07081442 0
0.08037505 -0.1014242 0.9915923 0
-0.08660818 0.9903415 0.1083167 0
0.08485305 0.03501235 -0.1726922 1

1 2.101658E-09 2.384094E-07 0
-5.633147E-09 0.9998903 0.01481366 0
-2.383521E-07 -0.01481371 0.9998903 0
7.116852E-15 1.644262 0.0179321 1

-0.865737 0.1327487 0.4825737 0
0.08252548 -0.9131261 0.3992378 0
0.4936489 0.3854596 0.7795715 0
-0.2837478 1.186652 -0.04493603 1

-0.865737 -0.1327486 -0.4825732 0
-0.08252539 -0.9131259 0.3992379 0
-0.4936485 0.3854596 0.7795717 0
0.2837478 1.186652 -0.04493611 1

-0.9948777 -9.79653E-06 -0.1011171 0
-0.1011169 7.866263E-05 0.9948754 0
-1.644716E-06 1.000005 -7.829071E-05 0
-0.1003735 0.01542735 0.01878324 1

-0.9948776 9.511546E-06 0.1011164 0
0.1011162 7.840931E-05 0.9948756 0
1.380686E-06 1.000005 -7.808209E-05 0
0.1003734 0.01542735 0.01878297 1

0.2723886 0.212452 0.9384394 0
-0.1201076 -0.960183 0.2522365 0
0.9546616 -0.18142 -0.2360258 0
-0.2642288 0.9706783 0.04949218 1

0.2723877 -0.2124522 -0.9384398 0
0.1201073 -0.9601831 0.2522364 0
-0.9546617 -0.1814194 -0.2360249 0
0.2642288 0.9706784 0.04949209 1

0.5436656 0.2636895 0.7968032 0
-0.04931416 -0.9376885 0.3439606 0
0.837852 -0.2262931 -0.4967853 0
-0.2636425 0.8574115 0.1123863 1

0.6514138 0.4200516 -0.6318361 0
0.5939122 -0.8005316 0.08011302 0
-0.4721529 -0.4274419 -0.7709507 0
-0.2212641 0.9094912 0.09565551 1

0.2527438 0.1876502 0.9491615 0
0.01817043 -0.9817598 0.1892563 0
0.9673626 -0.03058656 -0.2515433 0
-0.2769393 0.8543423 0.08753417 1

0.08749977 0.04579422 0.9951114 0
0.006512403 -0.998948 0.04539815 0
0.9961433 0.002508336 -0.08770589 0
-0.2818254 0.8571533 0.05645274 1

0.01861194 -0.1208941 0.9924908 0
0.09822503 -0.98764 -0.1221451 0
0.9949902 0.09976089 -0.006507162 0
-0.2807314 0.8632362 0.02961122 1

0.5436648 -0.2636899 -0.7968039 0
0.04931394 -0.9376887 0.3439605 0
-0.8378523 -0.2262926 -0.4967844 0
0.2636425 0.8574115 0.1123862 1

0.6514139 -0.4200519 0.6318355 0
-0.5939125 -0.8005311 0.08011356 0
0.4721521 -0.4274423 -0.7709511 0
0.2212641 0.9094912 0.09565542 1

0.2527429 -0.1876503 -0.949162 0
-0.01817077 -0.9817599 0.1892564 0
-0.9673626 -0.03058598 -0.2515424 0
0.2769393 0.8543422 0.08753405 1

0.08749884 -0.04579418 -0.9951116 0
-0.006512806 -0.998948 0.04539819 0
-0.9961432 0.00250887 -0.0877049 0
0.2818253 0.8571532 0.05645262 1

0.01861119 0.1208942 -0.9924909 0
-0.09822565 -0.98764 -0.1221451 0
-0.99499 0.09976155 -0.006506119 0
0.2807313 0.8632363 0.02961107 1

0.5394332 0.1995904 0.8180315 0
0.1877919 -0.9755491 0.1141874 0
0.8208206 0.0920234 -0.5637248 0
-0.265361 0.8247365 0.124372 1

0.6562403 0.4161196 -0.6294389 0
0.6060255 -0.7876456 0.1111207 0
-0.4495352 -0.4543781 -0.7690637 0
-0.1979762 0.8781015 0.09879678 1

0.2424137 0.0770023 0.9671123 0
0.3924794 -0.9194164 -0.02517308 0
0.8872405 0.3856741 -0.253101 0
-0.2763348 0.8216793 0.09383071 1

0.08223906 -0.0319947 0.9960989 0
0.4259489 -0.9024702 -0.06415414 0
0.901002 0.4295633 -0.06059022 0
-0.2816288 0.8270133 0.05782245 1

0.0189712 -0.0596456 0.9980392 0
0.6165162 -0.7851555 -0.05864201 0
0.7871137 0.6164201 0.02187705 0
-0.2786002 0.8418072 0.02696102 1

0.5394323 -0.1995906 -0.8180323 0
-0.1877922 -0.975549 0.1141876 0
-0.8208209 0.09202383 -0.563724 0
0.265361 0.8247367 0.1243719 1

0.6562405 -0.4161201 0.6294383 0
-0.6060257 -0.7876454 0.1111214 0
0.4495342 -0.4543783 -0.7690641 0
0.1979762 0.8781016 0.09879674 1

0.2424128 -0.07700239 -0.9671126 0
-0.3924796 -0.9194163 -0.0251726 0
-0.8872403 0.3856746 -0.2531002 0
0.2763347 0.8216794 0.0938305 1

0.08223823 0.0319947 -0.9960991 0
-0.4259492 -0.9024699 -0.06415366 0
-0.9010017 0.4295637 -0.06058934 0
0.2816287 0.8270133 0.05782237 1

0.01897043 0.05964566 -0.9980395 0
-0.6165167 -0.7851549 -0.05864136 0
-0.7871132 0.6164207 0.02187796 0
0.2786001 0.8418071 0.02696088 1

0.5428779 0.2484012 0.8022346 0
0.3650227 -0.9300964 0.04097817 0
0.7563345 0.2705878 -0.5956009 0
-0.2593064 0.7932843 0.1280535 1

0.2251508 -0.06286199 0.972294 0
0.6170316 -0.7631014 -0.1922209 0
0.7540419 0.6432148 -0.1330249 0
-0.262085 0.788298 0.09291674 1

0.07555136 -0.1214851 0.9897137 0
0.8109348 -0.5700814 -0.1318801 0
0.5802386 0.8125572 0.05544598 0
-0.2687085 0.7996387 0.05587646 1

0.01928946 0.01016346 0.9997622 0
0.8384011 -0.54495 -0.01063642 0
0.5447124 0.838407 -0.01903286 0
-0.2670261 0.8270672 0.02586013 1

0.542877 -0.2484014 -0.8022354 0
-0.365023 -0.9300962 0.04097867 0
-0.7563349 0.2705884 -0.5956001 0
0.2593064 0.7932844 0.1280534 1

0.22515 0.0628619 -0.9722943 0
-0.6170319 -0.7631012 -0.1922203 0
-0.7540417 0.6432154 -0.1330242 0
0.2620849 0.7882982 0.09291655 1

0.07555073 0.1214851 -0.989714 0
-0.8109351 -0.5700808 -0.1318794 0
-0.5802382 0.8125576 0.05544653 0
0.2687084 0.7996386 0.0558764 1

0.01928866 -0.01016335 -0.9997624 0
-0.8384014 -0.5449494 -0.01063559 0
-0.5447118 0.8384076 -0.01903236 0
0.267026 0.8270672 0.02585997 1

1 0 0 0
0 0.976922 0.2135964 0
0 -0.2135964 0.976922 0
0 0.9320261 -0.05094362 1

1 0 0 0
0 0.995589 0.09382258 0
0 -0.09382258 0.995589 0
0 1.092424 -0.0158738 1

0.9909539 0.007751457 0.1339754 0
-0.004125737 -0.9960986 0.08814781 0
0.134136 -0.08790321 -0.9870561 0
-0.1054737 0.9401466 -0.01144394 1

0.9909539 -0.007751526 -0.1339752 0
0.004125622 -0.9960988 0.08814756 0
-0.1341358 -0.08790291 -0.9870563 0
0.1054737 0.9401466 -0.01144394 1

1 0 0 0
0 0.9989119 -0.046639 0
0 0.046639 0.9989119 0
0 1.238507 -0.002107183 1

0.9878556 -0.01682025 0.15446 0
0.04143685 -0.9295966 -0.3662416 0
0.1497457 0.3681941 -0.91761 0
-0.1071508 0.5352404 0.02438748 1

0.9878555 0.01682018 -0.1544598 0
-0.0414369 -0.9295966 -0.3662419 0
-0.1497455 0.3681944 -0.91761 0
0.1071508 0.5352404 0.02438735 1

1 -6.436454E-08 2.295662E-07 0
-7.105427E-15 0.9628702 0.2699644 0
-2.384186E-07 -0.2699644 0.9628704 0
0 1.530368 -0.01573409 1

-0.8313064 0.2940232 0.4716782 0
-0.3848134 -0.9168047 -0.1067169 0
0.4010594 -0.2702225 0.8752893 0
-0.1817945 1.430265 -0.01800004 1

-0.8313066 -0.294023 -0.4716778 0
0.3848133 -0.9168047 -0.1067172 0
-0.401059 -0.2702226 0.8752895 0
0.1817945 1.430265 -0.01800004 1

-0.9929982 0.09458549 -0.07081517 0
-0.08037572 -0.101424 0.9915923 0
0.08660786 0.9903414 0.1083165 0
-0.08485311 0.03501223 -0.1726919 1

-0.9929981 -0.09458578 0.07081442 0
0.08037505 -0.1014242 0.9915923 0
-0.08660818 0.9903415 0.1083167 0
0.08485305 0.03501235 -0.1726922 1

1 2.838011E-09 2.384018E-07 0
-7.615952E-09 0.9997991 0.02004393 0
-2.382969E-07 -0.02004399 0.9997991 0
7.116852E-15 1.644364 0.01622752 1

-0.8650441 0.1323912 0.4839125 0
0.08264791 -0.9137703 0.3977356 0
0.4948415 0.3840533 0.7795094 0
-0.2839889 1.18679 -0.04634081 1

-0.8650444 -0.1323911 -0.4839121 0
-0.08264787 -0.9137704 0.3977357 0
-0.4948411 0.3840534 0.7795097 0
0.2839889 1.18679 -0.04634092 1

-0.9948777 -9.79653E-06 -0.1011171 0
-0.1011169 7.866263E-05 0.9948754 0
-1.644716E-06 1.000005 -7.829071E-05 0
-0.1003735 0.01542735 0.01878324 1

-0.9948776 9.511546E-06 0.1011164 0
0.1011162 7.840931E-05 0.9948756 0
1.380686E-06 1.000005 -7.808209E-05 0
0.1003734 0.01542735 0.01878297 1

0.2727266 0.2113609 0.9385877 0
-0.1205671 -0.960371 0.2512996 0
0.9545071 -0.1816988 -0.2364357 0
-0.2644409 0.9706638 0.0477321 1

0.2727256 -0.211361 -0.9385883 0
0.1205668 -0.9603715 0.2512994 0
-0.9545075 -0.1816982 -0.2364345 0
